<?xml version="1.0"?>
<opencv_storage>
<calibration_time>"Wed Nov  1 15:48:04 2023"</calibration_time>
<nr_of_frames>5</nr_of_frames>
<image_width>4080</image_width>
<image_height>3072</image_height>
<board_width>9</board_width>
<board_height>6</board_height>
<square_size>50.</square_size>
<fix_aspect_ratio>1.</fix_aspect_ratio>
<!-- flags: +fix_aspectRatio +fix_principal_point +zero_tangent_dist +fix_k4 +fix_k5 -->
<flags>6158</flags>
<fisheye_model>0</fisheye_model>
<camera_matrix type_id="opencv-matrix">
  <rows>3</rows>
  <cols>3</cols>
  <dt>d</dt>
  <data>
    1.5446672816644511e+03 0. 2.0395000000000000e+03 0.
    1.5446672816644511e+03 1.5355000000000000e+03 0. 0. 1.</data></camera_matrix>
<distortion_coefficients type_id="opencv-matrix">
  <rows>5</rows>
  <cols>1</cols>
  <dt>d</dt>
  <data>
    -1.4044885164760282e-01 2.2587150326035296e-02 0. 0.
    -1.4294810602400048e-03</data></distortion_coefficients>
<avg_reprojection_error>8.1388840849437472e+00</avg_reprojection_error>
<per_view_reprojection_errors type_id="opencv-matrix">
  <rows>5</rows>
  <cols>1</cols>
  <dt>f</dt>
  <data>
    1.18619461e+01 8.55017948e+00 8.99123287e+00 4.24907541e+00
    4.30103827e+00</data></per_view_reprojection_errors>
<!-- a set of 6-tuples (rotation vector + translation vector) for each view -->
<extrinsic_parameters type_id="opencv-matrix">
  <rows>5</rows>
  <cols>6</cols>
  <dt>d</dt>
  <data>
    4.9970841811008616e-02 1.1002425378537787e-04
    -9.7066348317186268e-01 -2.5059537774568832e+02
    1.7873218847154538e+02 2.9072391913281939e+02
    -6.0416212605980532e-03 -3.8628613254500621e-02
    -1.1864689051426222e-02 -2.9007679610953846e+02
    -2.3806532386119903e+02 2.8176079714285487e+02
    8.1095380134770509e-02 -4.6801305309254811e-02
    -1.4949992685455080e+00 -4.0543648889454784e+02
    3.1128390555302178e+02 2.8105827726896695e+02
    -5.7630498690599954e-02 9.4038741388318012e-02
    -1.5886823247117638e+00 6.1512915754728041e+01
    2.4480659754159112e+02 3.0041330722939472e+02 8.5317580002717580e-02
    -5.7385442377757112e-02 -1.8682598275062741e+00
    -2.2859441413632689e+02 2.4738665543643040e+02
    2.8140272884128871e+02</data></extrinsic_parameters>
<image_points type_id="opencv-matrix">
  <rows>5</rows>
  <cols>54</cols>
  <dt>"2f"</dt>
  <data>
    8.56926392e+02 2.37463525e+03 9.55771057e+02 2.20159570e+03
    1.06827625e+03 2.01262781e+03 1.19114172e+03 1.81274902e+03
    1.32476111e+03 1.60460803e+03 1.46635535e+03 1.39041418e+03
    1.61215149e+03 1.17682861e+03 1.75914832e+03 9.66297546e+02
    1.90547839e+03 7.64428589e+02 1.05474500e+03 2.50447388e+03
    1.15736426e+03 2.33831982e+03 1.27264099e+03 2.15489209e+03
    1.40026404e+03 1.95791418e+03 1.53558521e+03 1.75106055e+03
    1.67896252e+03 1.53629639e+03 1.82525732e+03 1.32066614e+03
    1.97325793e+03 1.10711975e+03 2.11790479e+03 8.99045715e+02
    1.25653613e+03 2.62723706e+03 1.36170422e+03 2.47058813e+03
    1.48124219e+03 2.29422046e+03 1.61184119e+03 2.10163184e+03
    1.75055640e+03 1.89746252e+03 1.89570667e+03 1.68402917e+03
    2.04286206e+03 1.46788672e+03 2.19077759e+03 1.25165515e+03
    2.33513916e+03 1.03959790e+03 1.45759766e+03 2.73950317e+03
    1.56740527e+03 2.59362061e+03 1.69001880e+03 2.42578418e+03
    1.82388135e+03 2.24093701e+03 1.96525452e+03 2.04129346e+03
    2.11236523e+03 1.83002869e+03 2.26017773e+03 1.61531506e+03
    2.40844727e+03 1.39854028e+03 2.55176001e+03 1.18453357e+03
    1.65751526e+03 2.83825464e+03 1.77078174e+03 2.70588281e+03
    1.89812476e+03 2.54995947e+03 2.03512378e+03 2.37436060e+03
    2.17936328e+03 2.18178857e+03 2.32778784e+03 1.97503772e+03
    2.47736548e+03 1.76264661e+03 2.62578247e+03 1.54673816e+03
    2.76767358e+03 1.33226721e+03 1.84933557e+03 2.92227222e+03
    1.96810034e+03 2.80601416e+03 2.09929370e+03 2.66363403e+03
    2.24059839e+03 2.49928857e+03 2.38760718e+03 2.31576440e+03
    2.53950830e+03 2.11564087e+03 2.69000220e+03 1.90708801e+03
    2.83687231e+03 1.69334814e+03 2.97817700e+03 1.47966785e+03
    7.34109436e+02 4.59970551e+02 9.37203369e+02 4.38236328e+02
    1.15339319e+03 4.19807404e+02 1.37729382e+03 4.05091217e+02
    1.60808643e+03 3.93712860e+02 1.84445691e+03 3.85857300e+02
    2.08186499e+03 3.81771881e+02 2.31918506e+03 3.80993774e+02
    2.55439453e+03 3.84285248e+02 7.02095276e+02 6.62137329e+02
    9.06930054e+02 6.40848877e+02 1.12626843e+03 6.22809082e+02
    1.35627075e+03 6.08305115e+02 1.59405347e+03 5.96719177e+02
    1.83967639e+03 5.88894897e+02 2.08604346e+03 5.84408936e+02
    2.33326074e+03 5.84116821e+02 2.57724097e+03 5.86645142e+02
    6.77395935e+02 8.79754700e+02 8.82627075e+02 8.61703430e+02
    1.10604602e+03 8.46392212e+02 1.34038745e+03 8.33389404e+02
    1.58468933e+03 8.24515137e+02 1.83691211e+03 8.17900757e+02
    2.09050830e+03 8.13445374e+02 2.34454248e+03 8.12200195e+02
    2.59631348e+03 8.13244263e+02 6.60304810e+02 1.10862878e+03
    8.67515747e+02 1.09628748e+03 1.09267566e+03 1.08431140e+03
    1.33118909e+03 1.07548560e+03 1.57953320e+03 1.06897192e+03
    1.83635486e+03 1.06377148e+03 2.09386377e+03 1.06032935e+03
    2.35275610e+03 1.05850623e+03 2.60850415e+03 1.05893127e+03
    6.52339355e+02 1.34748804e+03 8.59570679e+02 1.33986462e+03
    1.08654993e+03 1.33409326e+03 1.32735498e+03 1.32930554e+03
    1.57801025e+03 1.32527734e+03 1.83676807e+03 1.32155762e+03
    2.09720459e+03 1.31943628e+03 2.35869214e+03 1.31721863e+03
    2.61716455e+03 1.31597888e+03 6.52320557e+02 1.58893787e+03
    8.60516235e+02 1.58866467e+03 1.08728101e+03 1.58783301e+03
    1.32779346e+03 1.58727563e+03 1.57886670e+03 1.58626440e+03
    1.83916809e+03 1.58468848e+03 2.10059790e+03 1.58291174e+03
    2.36297632e+03 1.58073511e+03 2.62273340e+03 1.57857251e+03
    4.10429962e+02 2.78397241e+03 3.80057587e+02 2.61480371e+03
    3.55106049e+02 2.42957349e+03 3.37277496e+02 2.23272290e+03
    3.26103485e+02 2.02557471e+03 3.22510193e+02 1.80972607e+03
    3.26401489e+02 1.58941174e+03 3.37621796e+02 1.36688074e+03
    3.56933350e+02 1.14520618e+03 5.88905457e+02 2.81908447e+03
    5.52666748e+02 2.65530127e+03 5.24288696e+02 2.47136304e+03
    5.04128571e+02 2.27163647e+03 4.91697205e+02 2.06016113e+03
    4.86837433e+02 1.83662622e+03 4.92028442e+02 1.60848853e+03
    5.05651520e+02 1.37713867e+03 5.26900085e+02 1.14724597e+03
    7.76554504e+02 2.85091553e+03 7.39367310e+02 2.69280005e+03
    7.10431030e+02 2.51026538e+03 6.90007690e+02 2.30941870e+03
    6.79096130e+02 2.09271167e+03 6.75907715e+02 1.86353247e+03
    6.81301941e+02 1.62751147e+03 6.95458313e+02 1.38883911e+03
    7.16340881e+02 1.15075903e+03 9.72006714e+02 2.87892114e+03
    9.37439026e+02 2.72628687e+03 9.10713989e+02 2.54566235e+03
    8.93130859e+02 2.34366870e+03 8.84164978e+02 2.12423657e+03
    8.83088257e+02 1.88930994e+03 8.89699951e+02 1.64800769e+03
    9.04893921e+02 1.40203406e+03 9.27425293e+02 1.15816577e+03
    1.17591589e+03 2.90331201e+03 1.14662598e+03 2.75600952e+03
    1.12593274e+03 2.57750317e+03 1.11196301e+03 2.37541748e+03
    1.10644751e+03 2.15352295e+03 1.10771838e+03 1.91526892e+03
    1.11721240e+03 1.66818469e+03 1.13263159e+03 1.41715002e+03
    1.15511719e+03 1.16743433e+03 1.38440356e+03 2.92438379e+03
    1.36400244e+03 2.78221924e+03 1.34906873e+03 2.60713794e+03
    1.34189380e+03 2.40523682e+03 1.34109717e+03 2.18191260e+03
    1.34622668e+03 1.93972925e+03 1.35823584e+03 1.68879980e+03
    1.37455225e+03 1.43315247e+03 1.39574500e+03 1.17928918e+03
    2.32261353e+03 2.68662573e+03 2.32986499e+03 2.48987427e+03
    2.33485156e+03 2.26641162e+03 2.33697607e+03 2.02454138e+03
    2.33685498e+03 1.77017749e+03 2.33409253e+03 1.50781665e+03
    2.32928491e+03 1.24642456e+03 2.32193945e+03 9.90480530e+02
    2.31205078e+03 7.46934753e+02 2.55563110e+03 2.67612207e+03
