<?xml version="1.0"?>
<opencv_storage>
<images>
fishEye_20231101_001.png
fishEye_20231101_002.png
fishEye_20231101_003.png
fishEye_20231101_004.png
fishEye_20231101_005.png
</images>
</opencv_storage>